# Created by Octave 3.8.1, Fri Mar 25 21:37:01 2016 CST <bingo@bingo-new>
# name: A
# type: matrix
# rows: 3
# columns: 2
 1 2
 3 4
 5 6


